+-----------+---------+
| exemplary | dropped |
+-----------+---------+
| 29.5      | 7.1     |
| 44.4      | 32.2    |
| 18.8      | 9.6     |
| 18.5      | 7.3     |
| 37.4      | 7.9     |
| 19.2      | 8.9     |
| 21.2      | 8.8     |
| 21.2      | 8.6     |
| 21.2      | 22.2    |
| 17.2      | 28.6    |
| 21.5      | 11.9    |
| 24.1      | 10      |
| 23.4      | 8.9     |
| 28        | 47.4    |
| 20.7      | 9.5     |
| 20.7      | 44.3    |
| 20.7      | 8.2     |
| 20.7      | 57.1    |
| 37.7      | 48      |
| 37.7      | 9.3     |
| 21.3      | 46.7    |
+-----------+---------+
